0
00
01
02
03
04
05
06
07
08
09
1
10
100
1000
10000
100000
1000000
10000000
100000000
1000000000
1000489
10050
101
102
1022
10289
103
1030
10300
103000
1045
104851
105
1050
105000
1055
106
1066
107000
1073546
108
108108
109
109461
11
110
1100
11000
110000
11000489
111
1115
112
1120
1125
113
1130
114
1144
1145
115
1150
116
1160
116188
11654
11667920
117
118000
11825442
118440
11882
119
119121
119448
12
120
1200
12000
120000
12000000
120000000
1200000000
1204
120400
1209387
121
1215
1219
1220
12200
12216
1222
123
1230
124
1244
125
1250
12500
125000
1250000
1265
1265215217
127
12750
1275000
128
1282
13
130
1300
13000
130000
13000000
131
1318
1320
13200
1328
133
13332318
1337
133975
134
135
1350
136
1364
1365
138
139
139915
14
140
1400
14000
140000
14000000
14042
141
1410
142
142550
1429
143
1430
1431
1436
1440
145
145000
1456
145985
146
1463
1471
149
1492
15
150
1500
15000
150000
1500000
150000000
1500000000
151
1519
1536
154
1542
1547
155
1551
1552
1557
1564
1572
15762
1578
1579
1580
1582
1587
1588
1589
1590
1592
1597
1599
16
160
1600
16000
160000
1600000
1601
1602
1603
1605
1609
1612
1616
1620
162000
1621
164
1643
165
1650
1654
166
16600
1665
1673
168
1680
1681
1682
1686
169
1693
1699
17
1700
17000
170000
17000000
1716
1719
172
17200
1721
1722
172225
1725
1726
173
174
175
17500
175000
17547
17585894
1770
1776
1778
178
1781
1783
1787
1787094
1788
17900
1799
18
180
1800
18000
180000
18000000
1804
1807
1808
1810
18104
1811
1812
1813
1814
1815
1817
1818
1819
1820
182000
18206
1822
18221888
1824
1825
1827
1828
1829
1830
1831
1832
1833
1834
1835
18351910
1836
1837
1838
1839
1840
184078
1841
1842
1843
1844
1845
1846
1847
1848
1849
185
1850
185000
1851
18511910
1852
185253
1853
18531866
18531910
1854
1855
185556
1856
185657
185661
1857
1858
1859
186
1860
1861
186162
1862
1863
186364
1864
186466
1865
1866
186667
1867
18671875
186768
1868
186869
186870
1869
186970
187
1870
18706
187071
1871
18712
187172
1872
187273
1873
187374
1874
1875
1876
18761885
1877
1878
187879
1879
187981
1880
1881
1882
1883
1884
188485
1885
1886
18861900
188687
1887
1888
1889
1890
1891
1892
1893
1894
1895
189596
1896
1897
1898
1899
19
190
1900
19000
1901
19011906
1902
1903
1904
1905
1906
190607
1907
190708
19071910
1908
1909
1910
191000
1912
1916
1917
1920
193
1930
1935
1940
1960
197
1977
198
199
1991
2
20
200
2000
20000
200000
2000000
20000000
200000000
2001
2004
2005
2006
2009
2030
205
20600000
21
210
21000
210000
2115000
211866
212
21200000
21216
214
215
2150
216
2170
21700
22
220
22000
220000
2209
222
22202
223
224
225
2250
225000
226
227
22894
23
230
2300
23000000
23102
232
23328
235
2378
24
240
2400
240000
242
2445
246
2468
25
250
2500
25000
250000
2500000
25000000
256
26
260
2600
26000
2615000
261853
263
26362
27
270
2700
27000
270000
2787583
28
280
2800
28000
280000
28000000
283
285
288
29
290
2986
299
3
30
300
3000
30000
300000
3000000
30000000
300000000
301000
302
304
305
306
307
31
310
3120
3122
314
31454
315
317
3186000
31877
319
32
3200
32000000
320000000
3201232
3228
3234
32500
325000
326
33
330
3300
3367
339
34
340
34000
3495200
349982000
35
350
3500
35000
350000
3500000
351000
3531750
359
36
360
36000
360000
3600000
360000000
365
36636
37
37000
375
3750
375000
37956
38
3800
385
38500
3884
39
39000
4
40
400
4000
40000
400000
4000000
40000000
400000000
403
40334
405
408
41
410
41000
412
415
4162000
4162440
41866
41877
41901
42
420
42000
420000
423
425
427
427000
43
430
432
43200
433
4356
44
440
449982000
45
450
4500
45000
4500000
45553700
4557
46
460
46000
465
47
47179
472
48
480
4800
48000000
488
49
49159
49500
49700
5
50
500
5000
50000
500000
5000000
50000000
500000000
508
51
510
513
515
5153
52
520
52000000
528
53
530
5315
5330000
53500
5381
54
545
548
55
550
55000
550000
559575255555
56
56000
57
570000
571
575
579
58
58000
5868
59
5900
5961887
5962
5989
6
60
600
6000
60000
600000
6000000
60000000
600000000
61
61125
612
62
62000
621
626000
63
6305368
6313
638
64
640
642
643
646221541
65
650
6500
65000
650000000
652
6532
6574
66
67
670
67000
678
68
684
685
688
69
6926
6940
7
70
700
7000
70000
70000000
702
70335
71
71000
712
7148
715
72
725
73
730
73000000
74
740
742
75
750
7500
75000
75000000
76
7613
77
78
7823
79
7902
7960
8
80
800
8000
80000
800000
8000000
801
803
8046
805
809
81
815
81500
817
82
82000
82500
829
83
830
83000
84
840
84000
84116
8429
845
846
8485
85
8500
86
8630
869
87
872
875
88
88000000
8873
89
89271
896
899794
9
90
900
9000
90000
90290
90328
91
917
92
920
93
930
931
94
940
95
9500
950000
956000
96
9610
963
9640
97
98
987631
989
99
99712
999
a
a1
aaa
aaaamen
aabout
aachen
aadead
aadorcas
aamen
aannual
aar
aaron
aart
aartist
aaskn
ab
aback
abaft
abana
abandon
abandoned
abandoning
abandonment
abandons
abarking
abasement
abash
abashed
abate
abated
abatement
abating
abb
abbe
abbey
abbiamo
abblasoure
abbot
abbots
abbott
abbreviate
abbreviated
abbreviation
abbreviations
abc
abdallah
abdomen
abdul
abdulaziz
abe
abeaming
abear
abed
abeen
abegging
abel
abelard
abend
abenddammerung
abendin
aber
aberdeen
aberexit
abermals
aberration
aberrationbecause
aberrations
aberum
abet
abetted
abetting
abettor
abettors
abeyance
abeyanceand
abgeht
abgemacht
abhor
abhorred
abhorrence
abhors
abide
abideem
abides
abideth
abiding
abidingplace
abilin
abiling
abilities
abilitiesand
abilitiesfennimore
ability
abject
abjectly
abjectthe
abjuration
abjurationtold
abjure
abjured
abjuredand
ablackberrying
ablaze
ablazin
ablazing
able
ableand
ableif
abler
ablest
ablitionist
ablowing
ablubbering
ablush
ablutions
ably
ablyplanned
abner
abnormal
abnormally
abnormals
aboard
aboarddont
aboardlast
abode
abodes
abolish
abolished
abolishing
abolishment
abolishn
abolition
abolitionist
abolitionistawful
